class_name,almond,apple,apricot,asparagus,avocado,banana,bean sprouts,biscuit,blueberry,bread,broccoli,cabbage,cake,candy,carrot,cashew,cauliflower,celery stick,cheese butter,cherry,chicken duck,chocolate,cilantro mint,coffee,corn,crab,cucumber,date,dried cranberries,egg,egg tart,eggplant,fig,fish,french beans,french fries,fried meat,garlic,ginger,grape,green beans,hamburg,hanamaki baozi,ice cream,juice,king oyster mushroom,kiwi,lamb,lemon,lettuce,mango,melon,milk,milkshake,noodles,okra,olives,onion,orange,other ingredients,oyster mushroom,pasta,peach,peanut,pear,pepper,pie,pineapple,pizza,pork,potato,pudding,pumpkin,rape,raspberry,red beans,rice,salad,sauce,sausage,shellfish,shiitake,shrimp,snow peas,soup,soy,spring onion,steak,strawberry,tea,tofu,tomato,walnut,watermelon,white button mushroom,white radish,wine,wonton dumplings
almond,1.0,0.7665377497926533,-0.6574981330028442,-0.5357031314568923,0.5257124232241652,0.5272943005711188,0.8933028127828805,0.6998404423326369,-0.06414157843848822,0.0764801879610123,-0.21185574146663555,0.14911582338527385,0.8213048860574782,0.7999546693114474,-0.519659817548431,0.8764425888449527,0.15334073476978027,-0.08429115876510895,0.24813421424854787,-0.2621428121408904,-0.4422523882928999,0.0031138815425029165,-0.49748674649054747,-0.7310081572027207,-0.3650733859342685,-0.44184579816216085,0.7262804808389561,0.11186239141464593,-0.7498449539683889,0.4741796564896008,0.6380882933646521,0.19512117750974078,0.6790608306258643,0.25884115855908774,-0.5973350646463222,-0.0627665083286113,-0.47442083694059156,0.8429665255931934,0.6469190846782178,-0.5123729016432947,-0.4212965306198797,-0.8120892984563677,0.4322710872522699,0.22789220108761954,-0.5576156854472245,-0.05264865890526327,0.6411309323804355,0.42243232278799026,0.32008979565746143,-0.5274123229905114,-0.37921098188281044,-0.12729375862545877,0.06518619299095718,-0.07765943669460618,0.13883958412797104,0.017570094282933768,-0.4866652814386576,0.4434434447393294,-0.20861370901698417,0.8941854635718726,-0.5850990595125154,0.08193791108087489,-0.23820876234106092,0.7142173372325623,0.826871710341324,-0.2785914300752188,0.1830674644043666,0.22927322613408296,0.8570576749096219,-0.6018914754580493,0.023032444811218356,-0.33563363969471993,-0.14769275408984672,-0.44350353609513915,-0.25388843626855495,-0.018056723520678775,0.15158291423629455,0.8199322272055742,-0.8082185494967224,-0.5912275147516346,0.6569963976325388,0.11537318254940654,0.4144716395489687,-0.8762583915089004,-0.5373413045182334,-0.8831971204292353,-0.008060900446139607,-0.6975292062950993,-0.12836250592246157,-0.80499359862895,-0.3813614958433573,-0.6403707139451527,0.23498733811606354,-0.4962067807355939,0.2489030469201674,0.695790993640557,-0.10374048465850483,0.10375389856066441
apple,0.7665377497926533,1.0,-0.6301872810621179,-0.33210072683915426,0.19503228681036933,0.24133952842859263,0.6331520996588962,0.30584433514581466,-0.05687355424543128,-0.2002733785294335,-0.08391079181309302,-0.08235995924883643,0.7359039078436251,0.7120502868267161,-0.35314598102403605,0.7662777992654302,-0.27059173112213153,-0.2787753648089084,-0.09910008561371941,0.06294749665568133,-0.3294967533045112,0.1465914656022913,-0.31909794415119586,-0.7037572212014527,-0.25973510941928346,-0.3453719918106013,0.5037364275336684,0.4552460743937907,-0.42463451964468524,0.26029259362138757,0.5431879946768511,0.3040214461456845,0.8285234765704999,0.009667024294146231,-0.39865676141666695,0.004707065227053553,-0.1842313677264078,0.4612446211216523,0.23764855054500722,-0.14490051326065978,-0.2087424414922543,-0.7408940682139642,0.3930098803546709,-0.1618106517016864,-0.43367414714214503,0.005798769850490992,0.522249161028756,0.40705166859276876,0.11155432184581349,-0.5460706842431025,-0.1559211667255993,-0.24113936740243647,-0.3172128812867019,-0.38945560167947413,-0.2183022261456249,0.1342377714190579,-0.3296582369718004,0.32572376879457554,-0.005101022241086328,0.7180416232709672,-0.8277233363723795,-0.07199041666121131,-0.02355170223328784,0.5433019865959879,0.6690144389467882,0.18991647409367673,-0.0906939870315282,0.15310272653637935,0.873694191842403,-0.40892006019149685,-0.3022201105846707,-0.5285217784056253,0.020777238314121038,-0.24645262891805464,-0.05002997978565715,0.28390376917853577,-0.24870342843212212,0.6192698059900726,-0.6990337645643703,-0.2620344478581398,0.6153617461745093,0.1120785385067451,0.24505187109241233,-0.7308089195994782,-0.5891782096019202,-0.7356121899903738,0.021551490015377706,-0.5207428423149771,0.32435179073216913,-0.6137541757746923,-0.3867672727503806,-0.30310010733353643,0.3630467450329238,-0.16055599943844778,-0.17689624684989713,0.7843521876757499,-0.004587927740498765,-0.1429469002715924
apricot,-0.6574981330028442,-0.6301872810621179,1.0,0.012616598058988071,-0.22048038896106292,0.052451225682235814,-0.7486006990379761,-0.03849516475930148,-0.5803926912632598,0.6078606407378677,-0.24870835572775185,-0.5434536299095698,-0.7346062367585762,-0.6523195883418582,0.9163902146106208,-0.4149352654180831,0.2343900093476673,0.14055386780947055,0.266690021064945,-0.2717853813822799,0.6988022157466793,-0.38667494681278636,-0.1013485468875106,0.2224150247887996,0.7514274905074834,0.7855838511158387,-0.6623580153131274,-0.5110962054310977,0.17018782596327053,-0.11546482544365144,-0.29613629547994136,-0.6927703545546513,-0.8639810860998001,0.5006902499923246,0.08871704734013086,0.6828236681828324,0.31753687286588383,-0.472514416652577,-0.13527924409685466,-0.23979696074013845,-0.003563993538469923,0.40005758399508595,0.0677935716746697,0.060463807944038606,0.5675885681595286,0.13854080085417442,-0.6658604132995376,-0.6671193146261754,0.07803206360854387,0.18689297120462012,0.7449592409029863,0.61916122732759,0.20770616837516576,0.30427780314457564,0.4217332508528868,-0.4531656712705139,-0.23210451586495306,-0.5098618122310656,0.5729184264076312,-0.36736080543635197,0.7016899810797115,0.4817664179878667,0.44459420546833295,-0.5841104075173802,-0.4738062778246772,-0.09989606002258866,0.5476279757813071,0.1956420482451604,-0.5032098457357113,0.3264887681636641,0.458627529590079,0.6908393649142588,0.4281825309748606,-0.19571368204648132,-0.5041224033849372,-0.49458418269988647,0.25525058453170457,-0.8349489952140292,0.7832290560877726,0.22713030380074806,-0.9318339341120869,-0.45932718921402715,0.22302989839664933,0.5559485163884861,0.8895215340847678,0.8567658088156432,-0.41511990740494564,0.3411824301936208,-0.19970764343191805,0.3304949776459809,0.8232783679119858,0.8158352691624507,-0.015083504900915035,0.6955491021959413,-0.00605200428622199,-0.8829966576902126,-0.5917984582104969,0.4105836432643739
asparagus,-0.5357031314568923,-0.33210072683915426,0.012616598058988071,1.0,-0.10337446248725746,-0.72698319929022,-0.17418798105850986,-0.5822089472961052,0.24879827151542655,-0.4693662693770766,0.8559360151020107,0.00886058996203487,-0.2787364059751243,-0.5998223568290841,-0.026149891780698153,-0.5243783276978125,-0.6621839272770478,0.2539084330440209,-0.6839668249336497,0.1446982403825019,0.371588796574138,0.5402728420652589,0.9674756029004316,0.5419786175304026,-0.11957450157999361,-0.44869693995027427,0.07489149841527953,0.5564958408867198,0.44000867306951363,-0.5816880862732563,-0.02365812872506723,0.5596672950946922,-0.0578251553619058,-0.6173410566621469,0.9712333290111004,-0.2388102130873977,0.5693228277207655,-0.7513717334389687,-0.7356957902034043,0.5324031207683051,0.9112924196663337,0.5587760218245738,-0.1269131457087167,-0.750000783975334,-0.2718421831554507,0.575601594929414,0.22595921289340593,0.2081291463318098,-0.48626604773835114,0.803412371843021,-0.11907323145404436,-0.4288179035330919,-0.6841894924888756,-0.6523228779932757,-0.5267290647321516,0.7872233902245058,0.7044592542545356,-0.6478903809934575,-0.1186679859582267,-0.7120165700212078,0.19689068877515425,-0.572325892628228,-0.13669202657703883,-0.0824716607533087,-0.2975846070399004,0.6417849251397479,-0.5667428972889621,-0.46332713693798766,-0.34209734284473625,0.5694594712710874,-0.618602516691261,-0.4356380658087806,0.30853675645175827,0.9368253197973371,0.47819354014149706,0.5611717649348976,-0.67312063144528,-0.2902350136230698,-0.0011787152378934795,0.2661876368697097,-0.048236412537331574,0.5061477257008046,-0.5454036104817432,0.7378271318644666,-0.18207431682022746,0.4382180226757719,0.7558856425460564,0.6635739751525743,0.10042110521458669,0.43376909687792997,0.15636144434824262,0.12865728841097845,0.4090471452153184,-0.240810108655795,-0.05384682885876346,-0.34725055806050165,0.21323257061439393,-0.4885960920624406
avocado,0.5257124232241652,0.19503228681036933,-0.22048038896106292,-0.10337446248725746,1.0,0.2881018315580297,0.5116554464763358,0.5556195677623312,-0.037935986618432116,0.15511712320304571,0.31650759253488403,0.148859118113293,0.5288207461831851,0.1822752690294045,-0.21273860967773262,0.3668178451416917,0.08471782558163055,0.10441653478592561,0.05422663234546776,-0.3011427136078564,0.031949194741644704,0.0031951458240404573,-0.04073522974453225,-0.41493217176289443,-0.19870588952696422,-0.40259659163131856,0.8091758899948569,-0.15454639672858006,-0.6797677348505848,-0.07756627178558562,0.6168288341264434,0.23723319819825972,0.1915787488392222,0.18904550549445487,-0.05986673586524338,0.046760297518120275,-0.05761923754713871,0.4685525224902465,0.323667173627329,-0.5596268091810472,0.13905559963635217,-0.5023249919535222,0.7239888821123974,0.05030884912592004,-0.6897046283020787,0.458335146986523,0.7027741422977504,0.283820649188253,-0.06668252566231292,0.018957398381354684,-0.25574667905161386,-0.25017823042509946,0.07680166720213599,-0.014697821145934098,0.10569454994172822,0.18559905137752253,-0.3684234574758414,-0.17748786856025212,-0.32536347564342316,0.38064268972499427,-0.005329881009439985,-0.052577366185258434,0.14377179897918613,0.7514752807031163,0.816593825574859,-0.2339640887075367,0.22344300887305313,-0.11209061735909165,0.3356165800616301,-0.4065092563460668,0.010058762581145575,-0.2115358236959668,0.33410173528753107,-0.12227105622652745,-0.29084174131055707,-0.16990846748285238,0.03904173575987058,0.6003589229243314,-0.6155734542532625,-0.567096016791919,0.30601841642501126,0.2991884312850157,-0.021150199145100412,-0.21661740580546684,-0.3128121580243901,-0.39327607295385314,0.19363244826303783,-0.2571751513993079,-0.31461500823315514,-0.8160543659593804,0.13313813057833834,-0.509557312674541,0.3341798771898814,-0.6171565253163211,0.6339540161894025,0.04576085741531555,-0.3034990285454029,-0.021889469390793614
banana,0.5272943005711188,0.24133952842859263,0.052451225682235814,-0.72698319929022,0.2881018315580297,1.0,0.4040660021481419,0.808984327674755,-0.5245431157784513,0.7427538854400217,-0.6961906366501607,0.12083344180762445,0.018272822046835224,0.41233011646444884,0.0757357370075944,0.7260158399378278,0.7963130352084432,0.39704220006420643,0.9111785435428079,-0.5771394250952664,-0.3588927368021817,-0.7991078965550176,-0.7683035867188135,-0.7010625761603761,0.44818033858062345,0.346962285946778,0.08663035906233019,-0.6588166460696883,-0.7591128445533974,0.8730435221858488,0.09809913489371591,-0.6577451519764015,-0.18466649871348806,0.8351809711454617,-0.753161628220089,0.5357371269369048,-0.7982957528233565,0.7479393960544851,0.9031128746515684,-0.8300094884433191,-0.6062115262300876,-0.5923348148441656,0.14963283402809158,0.7175446692695631,0.2283535180427947,-0.4388553959768471,0.11557407426954591,-0.5172004775331756,0.8686388805175096,-0.2539723580537694,0.3545685596403232,0.7096784768119162,0.6326643715331043,0.5484170612637377,0.8543461836444181,-0.6920467312231926,-0.8852155771621566,0.4350889341628106,0.43384721569996476,0.7998151185938347,-0.08125739665181353,0.8647228699836761,-0.24439686022961693,-0.017111292527308697,0.434724536019911,-0.7787300319284909,0.8242347467790717,0.8512477336537018,0.5238427956134228,-0.8288223478224783,0.8033956019678102,0.5748171810170387,-0.16877232570187317,-0.8681126082937571,-0.7836591456073765,-0.8231168194357168,0.8014958185933466,0.10716313538029032,-0.1899977458631832,-0.7850808719578177,-0.19993301360216575,-0.7162617952060515,0.8174141953787171,-0.4579500293677732,0.37416552370022016,-0.43208567854823676,-0.3350737381903528,-0.8920011018797958,-0.6369382570699227,-0.45236518385858493,-0.008053816722811025,-0.2540231510100135,-0.1554978210925111,0.03284182377862599,-0.06541108015095509,0.16433181942690744,-0.5801738540069796,0.8579541242229758
bean sprouts,0.8933028127828805,0.6331520996588962,-0.7486006990379761,-0.17418798105850986,0.5116554464763358,0.4040660021481419,1.0,0.5923113470953798,0.03042426967417411,-0.03618162393553881,0.06264639910205261,0.32072164225058564,0.689157188758042,0.6441904531580653,-0.6410971654469855,0.8067227576367663,0.041155577736440296,0.22030385183853818,0.1392806284103424,-0.32232771457723985,-0.4656738877313278,0.09644403716088279,-0.15329340086477194,-0.5924075852666908,-0.38930887411091897,-0.6811103530476936,0.8266529085846026,0.25606185702536344,-0.7108650811604689,0.46471016934465337,0.6042542211821301,0.37715690035739824,0.6366710443362814,0.09297258369514216,-0.27719847572514467,-0.16144451394700288,-0.4800897468995411,0.6879180442835163,0.5301654288343642,-0.40264153005626824,-0.10871862068615923,-0.6635093130909189,0.28920629376686535,0.05530521412598177,-0.654052573591335,0.06143001668971004,0.833961129566624,0.43667954240771323,0.34461138869608077,-0.13079366411231397,-0.4519317013619488,-0.1919468552594683,-0.11688499700082322,-0.27524375015735636,0.08224230922501152,0.2951009770369615,-0.2721071307933145,0.29939220260791843,-0.21507749727034198,0.7335239044701507,-0.5334400410158642,-0.028983525921726372,-0.5373698328643659,0.6579776018258275,0.764029992880163,-0.17987243394517627,0.03515113454058416,0.22104120107843206,0.8175489160286584,-0.5536458807436637,-0.1065791613746645,-0.44832441425259595,-0.15071859457644443,-0.13208832411896076,-0.12136313983880864,0.09257598213030394,0.029859924193477716,0.7479577908548292,-0.9171635073073099,-0.7006109499596014,0.6580417488040644,0.2201452594839003,0.33121241826394676,-0.6348589564379334,-0.5980197368438209,-0.8449915043716567,0.38806048143923566,-0.621681732387994,-0.29605688194636826,-0.6451335937932041,-0.41653548178038013,-0.7573567810823836,0.3537662404935409,-0.7137724321806362,0.18486227540796207,0.6296360489555292,-0.04057838017135196,0.0661561036391789
biscuit,0.6998404423326369,0.30584433514581466,-0.03849516475930148,-0.5822089472961052,0.5556195677623312,0.808984327674755,0.5923113470953798,1.0,-0.5041827101399741,0.7352420710730952,-0.4155897769400574,-0.10307232170658742,0.3553722144007432,0.31878114524307866,-0.06364816562456577,0.7473078484119494,0.5861046608234145,0.1846940677275818,0.699249196264929,-0.7927809086807822,-0.10143703575719831,-0.3693998989050167,-0.6250323290251403,-0.5936517351678452,0.11424451036755023,-0.009554817100979829,0.4095006317589074,-0.41966026450842,-0.9283971894526029,0.6128841537356076,0.6044096604851499,-0.3389245560280769,0.03741302954302128,0.7565394105902306,-0.5932767783994128,0.4081967893447991,-0.5442931547620811,0.7894218979651443,0.8853066371433174,-0.9188774161842423,-0.4951153532449697,-0.5328706847028291,0.4433792562838148,0.5030663394990924,-0.2446374837049028,-0.0263732372776726,0.3748514460936392,-0.10769269878738896,0.5644450374948895,-0.27985035870516484,0.026165043291436207,0.3962106680391082,0.4125757216361565,0.2662904282576708,0.7209095302415103,-0.3146388101510571,-0.7549871321963266,0.22674623129299243,0.1150735631360017,0.7899530527581827,0.05817755776028011,0.5984549113560317,-0.20135906399667625,0.4216749229660741,0.5925429185655448,-0.6878462144507562,0.7687464816483555,0.5119215698020698,0.6405776924984833,-0.5874641605974267,0.5769338860742319,0.2530217524107463,-0.03253262854779004,-0.6597815985041784,-0.771318242895147,-0.5833798525162575,0.6004818608972737,0.34311864199704534,-0.37966545337642255,-0.7845197065708769,0.033808425734044745,-0.2533106658178932,0.7539798653475958,-0.546546482924227,0.11168753539483944,-0.441458628652861,-0.2523617817031383,-0.6577935846420204,-0.6537940501121331,-0.6494945304561532,0.08029759895125377,-0.3490822994777061,0.23813559897058378,-0.28378584006025154,0.43767160765808377,0.10081011003981677,-0.6010978894170953,0.633971732889935
blueberry,-0.06414157843848822,-0.05687355424543128,-0.5803926912632598,0.24879827151542655,-0.037935986618432116,-0.5245431157784513,0.03042426967417411,-0.5041827101399741,1.0,-0.7510580949267833,0.43545382413752076,0.6688374594209723,0.26370179328810894,0.14357521975705745,-0.6869252592910144,-0.37270919671784686,-0.25737811208383965,-0.28157063139001437,-0.4852703514456198,0.6751374075199593,-0.5122345464723881,0.4500553258776603,0.4533943804605778,0.4667578476723282,-0.7489015433278654,-0.5029739310978902,0.197792286459895,0.26219167269644883,0.3904030974234556,-0.4112239708512946,-0.2291720937078443,0.6531573342022228,0.384209451283685,-0.8243824686264831,0.31844183170192686,-0.9112107885628298,0.021627515823039234,-0.018879132991285186,-0.29401029012721547,0.683544700220468,0.2503939218005613,0.21566777055705588,-0.4084528826394247,-0.06596544531929793,-0.21055471601733977,-0.1624620208877603,0.14034220765984906,0.46091843368892516,-0.5206753284338292,0.055908397924691156,-0.7540866033760558,-0.7197272075573833,-0.040087114593777784,-0.014921131092042295,-0.5890142660779669,0.3911963813760916,0.6647619031345251,0.33354217792436436,-0.7627486037566316,-0.3840933087348599,-0.12122738169353098,-0.6959349711336151,-0.21162294097205137,0.16046641982969834,-0.13989442443217515,0.15659867320543808,-0.7960871447556239,-0.6351161461572683,-0.32925572415617776,0.07113717506323758,-0.4764631540128883,-0.47891293462249207,-0.49969175761156626,0.5094577822555987,0.8768674723772728,0.49158534320925795,-0.29992730355369934,0.4537161658986192,-0.15490664346698502,0.2889655322789062,0.6166782608169938,0.504491673010624,-0.785782587950643,0.043788051677951745,-0.6107949443361069,-0.2671765899631753,0.3251854536422556,0.2457945908683271,0.3232620301393141,0.19666177214989877,-0.6564302393348957,-0.4942076928567545,-0.3790741320802966,-0.43703079331099737,0.07293675696581081,0.42702593615608087,0.9173522253681906,-0.6578623703117334
bread,0.0764801879610123,-0.2002733785294335,0.6078606407378677,-0.4693662693770766,0.15511712320304571,0.7427538854400217,-0.03618162393553881,0.7352420710730952,-0.7510580949267833,1.0,-0.5830820546462023,-0.3259260986009811,-0.3206333823749705,-0.1566387281503534,0.5118125389113237,0.3255022708838582,0.7203014336364195,0.33971842889206894,0.8330493303664649,-0.8000694465841718,0.231433466876517,-0.6600673882641446,-0.5790891865729422,-0.2975686125774253,0.641581036561186,0.567680324367084,-0.22136826241226526,-0.728987290002264,-0.5870705997999752,0.5504590978099303,0.1374339926813699,-0.8057002034735452,-0.5954938282997753,0.929928819310771,-0.440189479491099,0.7565456382450806,-0.37917140162718566,0.33307397586904763,0.6719404133226329,-0.8398095838924378,-0.44059899245225953,-0.11150406195373974,0.19820740176947627,0.5389284733893407,0.3360426592711896,-0.11393373937855222,-0.201191298293105,-0.657457948625066,0.6332181806233597,-0.043785464577967836,0.5507843256143671,0.8269762641417769,0.5473770861612393,0.4976906139947297,0.9305784026895167,-0.6323828588166496,-0.7415864767938452,-0.021568768243919623,0.5400843109265769,0.38351972488313035,0.4985644568803891,0.8885406179744286,-0.024091751906794245,-0.208393397248956,0.05002977136942088,-0.6925209853970746,0.9765269694878276,0.6632853762821475,0.1619522491959643,-0.3336405647778018,0.8529988289450537,0.753633438723892,0.09667103230254015,-0.6790346827846165,-0.9212252837105401,-0.861523129524663,0.7484374060040614,-0.3524374990435515,0.2697420995488723,-0.5178947949112744,-0.6372110143129057,-0.6476076559703019,0.7995800235330304,-0.03939120100028526,0.7449300763416773,0.18816716324668492,-0.4588108693604338,-0.38804515137223716,-0.7209699647871837,-0.16491028799483787,0.49060637706737653,0.2293518137574273,0.051014038738243284,0.2736048906253592,0.1845620767592333,-0.44670206738362817,-0.8098813272363037,0.8805999390077816
broccoli,-0.21185574146663555,-0.08391079181309302,-0.24870835572775185,0.8559360151020107,0.31650759253488403,-0.6961906366501607,0.06264639910205261,-0.4155897769400574,0.43545382413752076,-0.5830820546462023,1.0,0.1281798754615513,0.15316464703949917,-0.36232315552835703,-0.2555309026993835,-0.3564341552905783,-0.7216239140185712,0.03585824663388992,-0.7886178852546903,0.23893932359139303,0.26875957038556386,0.6609893657946747,0.9046785470516222,0.3511470570918531,-0.4197292640235808,-0.6880708990754059,0.47754797054767373,0.5894784179305738,0.20102480418092017,-0.7180529696867737,0.2688311063364326,0.8081204730720268,0.24515155849932935,-0.6873408899112885,0.8725078110768558,-0.3987840757788703,0.5790683144449861,-0.4783987998949022,-0.6358544694331436,0.4204030498450435,0.9002810538568735,0.2647086982544251,0.19966612008712947,-0.7387680240965988,-0.6393539805883557,0.7202003211967752,0.5289224029498414,0.503154268014243,-0.678843961678802,0.5920549983478669,-0.40261637642047976,-0.7350699855064604,-0.6660415256981622,-0.6638299147360716,-0.6626736712528063,0.8947391652134673,0.6059707658304718,-0.5732863833979267,-0.4429186292546443,-0.5162278848146971,0.04062265301741874,-0.7580630112938154,0.013546571797080631,0.36449440576067593,0.100855313966004,0.6108090806451978,-0.6399009341867794,-0.6780484161453098,-0.1639654466332503,0.38518945041538566,-0.7520721471758005,-0.6888784975685063,0.3629777335572013,0.8839593967470474,0.528648275989578,0.6341963400974866,-0.7532141738658398,0.16435260877442093,-0.33275880599360286,0.1436035165660423,0.30443010837980466,0.7526210380901588,-0.6965013902561326,0.48004187327832326,-0.5227274995080475,0.12625107145874048,0.7573237356677722,0.5580752378316645,0.18987541942172204,0.0027029986143736195,0.046006939308125494,-0.15833982078915465,0.48898654698790245,-0.513271910318059,0.23286971125344902,-0.10918183562532091,0.2869271604339688,-0.6893950341298698
cabbage,0.14911582338527385,-0.08235995924883643,-0.5434536299095698,0.00886058996203487,0.148859118113293,0.12083344180762445,0.32072164225058564,-0.10307232170658742,0.6688374594209723,-0.3259260986009811,0.1281798754615513,1.0,0.040152813799024356,0.33206414202896384,-0.6447539444981114,0.026626742875123788,0.2782933371718759,0.325300687710368,0.11235074349032503,0.32645399916437423,-0.7912410675346528,-0.20618938930571828,0.16279336833206604,0.023912573750932364,-0.3431538877734397,-0.32789810068670056,0.27820957602887186,-0.1782507271019398,-0.046624975512645106,0.21750646958696485,-0.37882658921689427,0.2403661098012546,0.09520058103222107,-0.3345302551458791,0.016003648912453206,-0.5583639118812544,-0.5590821364986729,0.33770821736067946,0.20590157552398536,0.17826021310723106,0.07505339423374013,-0.10022178340386456,-0.4408974630038123,0.36175992778547883,-0.00642604557759463,-0.4327129939912684,0.29445601121248544,-0.01295169974426269,0.15930213691350747,0.2456052714312813,-0.45656638440689323,-0.18865209035352093,0.3464029983583121,0.32452156823424305,-0.0024933380220044654,0.022699748484943272,0.15642490373195128,0.5146472323793225,-0.39358305924567305,0.02994434537346191,-0.17918728314266708,-0.123928081159274,-0.5622142790119895,-0.01596460559280577,0.09679547851847259,-0.315007865761294,-0.3122509847810311,0.01468014211166846,-0.08669169900204277,-0.5269389612617505,0.056187738119839015,-0.047141630212187646,-0.5674169128410178,0.10160750363365179,0.41336321837956613,-0.08783388596160502,0.21954559205084745,0.3888782246925755,-0.32748312875435825,-0.34489984642289073,0.36332973202144436,-0.040604267773455716,-0.2933846750299596,-0.023887882140604555,-0.31203677511275685,-0.5050637825052264,0.39805472680884657,-0.36307304450629574,-0.24389438688234866,0.0009777413747050767,-0.6289070573675599,-0.7264303616514629,-0.5120597787060537,-0.4869909071530152,-0.14628995322715266,0.454262079506365,0.5258791358823992,-0.017771429540284656
cake,0.8213048860574782,0.7359039078436251,-0.7346062367585762,-0.2787364059751243,0.5288207461831851,0.018272822046835224,0.689157188758042,0.3553722144007432,0.26370179328810894,-0.3206333823749705,0.15316464703949917,0.040152813799024356,1.0,0.6151676963402378,-0.6111854509094101,0.5177620123888594,-0.2568840576389928,-0.49776727838799184,-0.25202510967522773,0.06622613010135603,-0.2581162791926117,0.47370133286571714,-0.1866758012962797,-0.3982297572306297,-0.7127872812209732,-0.641028866688059,0.766296597394461,0.42210629130870203,-0.4135615341861929,-0.07588215252920483,0.7202906320805771,0.5834616579868056,0.8838251819482542,-0.18251505371151433,-0.2920656648301847,-0.39209709333490017,-0.02391100803100099,0.5724049536925673,0.22128627832803893,-0.11687652171475049,-0.17684996295357314,-0.5815222401948668,0.49977140095441586,-0.09435407255499273,-0.7827393044888606,0.2029844372246995,0.6220518267558462,0.8060489398075823,-0.26035051115292895,-0.561729672421716,-0.6553753978917898,-0.6185445403326328,-0.2009534241913462,-0.30760416351456543,-0.35242457856193576,0.35505160662229684,-0.07004113329930162,0.2697614832754567,-0.5838847084973422,0.5365403727548661,-0.558181241982163,-0.4224161807155862,0.0652571214454456,0.9142746644744366,0.7219483124240397,0.08113273407146415,-0.23974938846219063,-0.331054940621367,0.6133880809144555,-0.2005595361861099,-0.4077308926031942,-0.6842302886161158,-0.04672006015385333,-0.06499148311854763,0.153738220544269,0.4154047086243189,-0.2636713788410734,0.9300073948979581,-0.7510214137329867,-0.16069149291388296,0.8830962405932479,0.5837854603999537,-0.08439348324985874,-0.7604404039343304,-0.824778105427685,-0.7406390715339946,0.026575172457136365,-0.23595895274921452,0.2891883321858134,-0.7216853367667069,-0.4133172354249912,-0.5756016623766831,0.2982056573339007,-0.5701757779597596,0.45092479713318445,0.6748015058514836,0.22841883813308572,-0.4263485075429052
candy,0.7999546693114474,0.7120502868267161,-0.6523195883418582,-0.5998223568290841,0.1822752690294045,0.41233011646444884,0.6441904531580653,0.31878114524307866,0.14357521975705745,-0.1566387281503534,-0.36232315552835703,0.33206414202896384,0.6151676963402378,1.0,-0.4869756853788343,0.6984827655254983,0.13272892060069608,-0.10067031489222988,0.18654062149630612,0.16251470577444582,-0.6573186213616866,-0.09817980099090318,-0.506213464403088,-0.6446712959673238,-0.29997964345721684,-0.23126682163554158,0.4307415969753573,0.08579984787807637,-0.4000889004264181,0.4718305761494094,0.1728951432865381,0.10305951916313072,0.625312881335215,0.06855732234538814,-0.642518315352715,-0.188691802921358,-0.5083514168253864,0.6864319224363785,0.4731516130034066,-0.1812419863257273,-0.48179643935075567,-0.7551253022472713,0.10063012939862004,0.2707880587094431,-0.20002110339284873,-0.3731789323045107,0.332150319817605,0.2663575799723519,0.33308262503184927,-0.604192275829909,-0.2867341471887348,-0.08191371879764642,0.12496138095074483,0.060799233259740904,-0.00953942434039079,-0.1773762239386003,-0.3782251708830011,0.6311107318482712,-0.1209005563500627,0.7407980809273622,-0.7169850010097902,0.04504557378701579,-0.2304342493893603,0.3496406010471005,0.5801833686170625,-0.16952273062562018,-0.03833586339683115,0.24822233602942512,0.6364087123667355,-0.5983635251801167,-0.015778095506209233,-0.259649124138601,-0.34572297555195974,-0.4598096134616927,-0.006066094124745902,0.03495399855760517,0.12198332806317713,0.6868910597177829,-0.5898115017622625,-0.3127716101345297,0.5998698816423259,-0.08459489357935412,0.23841447111726977,-0.7978110180357283,-0.4756235664138493,-0.8249081379412704,-0.04363377874524499,-0.6771285536263307,0.12978234747372053,-0.5447736651647652,-0.5517433936360474,-0.5030266242637436,-0.12806292477192782,-0.20165513156986004,-0.14754416139634507,0.8138548910381337,0.16410978629155648,0.0036946239068557096
carrot,-0.519659817548431,-0.35314598102403605,0.9163902146106208,-0.026149891780698153,-0.21273860967773262,0.0757357370075944,-0.6410971654469855,-0.06364816562456577,-0.6869252592910144,0.5118125389113237,-0.2555309026993835,-0.6447539444981114,-0.6111854509094101,-0.4869756853788343,1.0,-0.21207487442783557,0.04074817051920587,0.10716318782588352,0.15688025054241372,-0.1577492805541676,0.7281658063422647,-0.3884073614475376,-0.16489745827455282,-0.057563967042573605,0.830552220420285,0.7746436308103849,-0.5660016675172956,-0.33153849166959337,0.12187574335684159,-0.08170712890686338,-0.22787169641238414,-0.6326415289917788,-0.6812758732904047,0.5337319854924263,0.01242718908121232,0.8204899569232388,0.3891430266222746,-0.5000029329813451,-0.2170257496543997,-0.2606285207843029,0.015059045694733708,0.12019304124728203,0.2647879932310405,-0.13032517507149044,0.48753662633312356,0.2289438527454586,-0.5717092713443499,-0.5953913074534347,0.11813814466407258,0.04541543628597711,0.8757999881205637,0.6029306032986231,-0.012262749965285868,0.10246916754271163,0.2906601341584445,-0.41970188945283704,-0.3531359312892217,-0.57836433978641,0.7407136937553769,-0.1951838974859612,0.38580651901622776,0.4554087694100317,0.5575481238500627,-0.5114251378518744,-0.2742278629900756,0.12142017342203149,0.5125076088334255,0.2795242814263683,-0.2753214472523451,0.256833961414779,0.29535886253315646,0.5338705274662287,0.6429522416033112,-0.25423483678817305,-0.5342830283445941,-0.37816234303664475,0.06424832977800365,-0.7719249209477099,0.6021251458531997,0.22443791381390465,-0.8551175128733968,-0.4697438368452489,0.2886326010271456,0.414618754984976,0.7791331061624319,0.7435442740606398,-0.3847285531573399,0.23134644582264485,-0.00279882508568452,0.15379281376349652,0.8827043359287392,0.8990403586872221,0.15352949730089382,0.8032032405215745,-0.19775190833823375,-0.7368688761466227,-0.6853636970288759,0.3390995549512379
cashew,0.8764425888449527,0.7662777992654302,-0.4149352654180831,-0.5243783276978125,0.3668178451416917,0.7260158399378278,0.8067227576367663,0.7473078484119494,-0.37270919671784686,0.3255022708838582,-0.3564341552905783,0.026626742875123788,0.5177620123888594,0.6984827655254983,-0.21207487442783557,1.0,0.22922155493424246,0.19765001265891435,0.43770801205307497,-0.4161856080210595,-0.35914290773774504,-0.2892921500046106,-0.5562180393581286,-0.8925124250398833,0.0665198327948966,-0.1812377718236935,0.5283632389578423,-0.0036747083811274894,-0.8320474285854782,0.7042185865689241,0.5259453158455331,-0.08844138761838116,0.4458286280505661,0.5173921163858523,-0.6044277933362388,0.3300790165511457,-0.5649204964186447,0.7250447172841697,0.6958143304001159,-0.6606466362819616,-0.38604094602759753,-0.8614520707514597,0.4112789199589205,0.20392895789046483,-0.30359658567060777,-0.09329100556612269,0.5535007972748407,0.039097235338446557,0.6252113553931031,-0.3912889439812852,0.046709129200064314,0.24466808935728135,0.0367686545069148,-0.08237044657663306,0.3713886523531771,-0.1618988377066326,-0.7161217210491682,0.33632518151272583,0.2584734734367029,0.9601881223738139,-0.556859582621283,0.4179240527635655,-0.30790006965194827,0.41147858747110444,0.7623848050656793,-0.29236900285502077,0.4296386293231138,0.602677038294207,0.9523305082090553,-0.7273086111373308,0.20353926157097635,-0.10907013934871324,-0.008125933021676968,-0.575764573426262,-0.5225835037613511,-0.2425210033991665,0.24336113712971774,0.49443375127777434,-0.700333920893478,-0.7371822286150931,0.31539512090260224,-0.2486318255321236,0.6976781736145558,-0.7223625137101908,-0.21870080142091863,-0.7392009036429359,0.0018238172533664443,-0.8458880171532805,-0.2895319024552192,-0.712983478042776,-0.17526773867911727,-0.39094883276351244,0.33127351462304133,-0.21915526650516326,-0.07276704571178727,0.5535960259539936,-0.41459476514136684,0.40510408615508053
cauliflower,0.15334073476978027,-0.27059173112213153,0.2343900093476673,-0.6621839272770478,0.08471782558163055,0.7963130352084432,0.041155577736440296,0.5861046608234145,-0.25737811208383965,0.7203014336364195,-0.7216239140185712,0.2782933371718759,-0.2568840576389928,0.13272892060069608,0.04074817051920587,0.22922155493424246,1.0,0.3053312966666363,0.9482093969053201,-0.47075796287919314,-0.3789439460893511,-0.780185298934986,-0.6595759179283949,-0.17042147979452982,0.3283496073920362,0.4893366335592403,-0.2385484551037771,-0.89351009438146,-0.41288486732804763,0.6985301013599513,-0.24842085964533211,-0.7481887901401214,-0.4948402678300381,0.6677062525175007,-0.6355188318012259,0.2532476724614874,-0.7780411189541141,0.6180709295298092,0.8158505740466018,-0.5860925802864414,-0.6628622974315328,-0.09489051263115345,-0.2527273596187758,0.9570562820441844,0.49680635444456756,-0.6521942589582674,-0.2579820193224287,-0.6078100186493691,0.6904509848803402,-0.12828963984163688,0.1923874529926729,0.6924887526107939,0.94239629990543,0.8900939428529593,0.8909212964804126,-0.7911628144310481,-0.5576537924063696,0.5368668315913008,0.17805207867204997,0.3808728108627125,0.336683923386464,0.7892404456874365,-0.26471726249220984,-0.26425734026641434,-0.03737441603699865,-0.964889529816761,0.726909212649878,0.6182153262550949,-0.01964044026240419,-0.5784237679336957,0.9574495653519851,0.8217326353854026,-0.4759826729556733,-0.7324303507646721,-0.5541496984233154,-0.8974392766920163,0.9963132691610792,-0.08144592220135016,0.24072265790013148,-0.515181314441014,-0.34606198818525113,-0.6925573633739845,0.5640195742938751,-0.20690089282956814,0.5581899375671722,-0.15196655057229225,-0.48182570041011474,-0.5889511731019983,-0.6929614297964808,-0.042204501675237927,-0.07886207478257745,-0.2287442248764857,-0.5738812886362268,0.06478765864691338,0.09449046170035824,-0.07001931680759199,-0.2862994675056223,0.831941669711696
celery stick,-0.08429115876510895,-0.2787753648089084,0.14055386780947055,0.2539084330440209,0.10441653478592561,0.39704220006420643,0.22030385183853818,0.1846940677275818,-0.28157063139001437,0.33971842889206894,0.03585824663388992,0.325300687710368,-0.49776727838799184,-0.10067031489222988,0.10716318782588352,0.19765001265891435,0.3053312966666363,1.0,0.3954589824634449,-0.44304744376047167,-0.11131082067669529,-0.464594688115171,0.19778585670815008,-0.17967272452101968,0.5252415761063834,0.001410866652624354,0.06773146193317703,-0.2855982167645126,-0.30542717469716285,0.4843175783577015,-0.19487711040903566,-0.27675459873285746,-0.46393331674130667,0.3010711006463187,0.19939048992972308,0.3539892830302751,-0.4025725836435592,-0.01481023320789654,0.24224889957328144,-0.3304534248083826,0.3152890992813371,-0.056069362303349024,-0.15582455263575623,0.08896669663488166,0.15767286592353624,-0.02116700444488906,0.2620104055591954,-0.5426455613648504,0.6469630348090842,0.7007667748870107,0.36475507104792204,0.5072808320214397,0.07111525286680287,0.03267011512096507,0.4839683823785115,-0.07069655666648567,-0.25691959604029035,-0.19159741663979268,0.4948394781760441,0.06988797450775075,0.18155388801141736,0.4513512372804025,-0.581071166268095,-0.37257591692051384,0.06705402809322702,-0.2531949794248869,0.3273032636635467,0.6024108813291943,0.07512164278260192,-0.3828512436291225,0.3385810248908885,0.3264452408785008,0.044101275337500745,-0.013546122678641748,-0.3660405106957012,-0.4261058696366864,0.2827753062542312,-0.31764427778182824,-0.11920236461893596,-0.6031562892208671,-0.4034239909383097,-0.44205663515374494,0.3422972283919956,0.4125047073837669,0.37715853848810044,0.05956141352189259,0.5495581409165269,-0.3335019438017879,-0.7265670095721801,0.10799151252916839,0.16820373542192024,-0.12357222059586892,0.07686070436984194,-0.1621025395521516,-0.28872241092934603,-0.2752440812888015,-0.4097660966004242,0.52303321762958
cheese butter,0.24813421424854787,-0.09910008561371941,0.266690021064945,-0.6839668249336497,0.05422663234546776,0.9111785435428079,0.1392806284103424,0.699249196264929,-0.4852703514456198,0.8330493303664649,-0.7886178852546903,0.11235074349032503,-0.25202510967522773,0.18654062149630612,0.15688025054241372,0.43770801205307497,0.9482093969053201,0.3954589824634449,1.0,-0.6089134578532247,-0.3038234470060259,-0.829492827650073,-0.7322359897418969,-0.37000350043514807,0.4891520944548271,0.5195385877630081,-0.21844015558556595,-0.8162805358380034,-0.5483454863803103,0.8387602186046729,-0.1267531785472933,-0.8158534277320681,-0.45415801851913473,0.8228784355220835,-0.688596975106603,0.47599074060034297,-0.7924853066076558,0.6188897434406888,0.8702419227903408,-0.7198493583928915,-0.6709036139365201,-0.2385278638311128,-0.13701552005515172,0.8589264832958037,0.483105042514252,-0.5836538672365132,-0.19029071328042435,-0.6697919578442209,0.846843577518781,-0.15477681243435293,0.3677185847318347,0.8280861780721372,0.8077583610806744,0.74359663914688,0.9628645028478752,-0.8004160214774418,-0.7223527479154219,0.4635541221690709,0.4140165259507541,0.5446792204175732,0.22974285329779387,0.9225536360498874,-0.29734549184963743,-0.2762202095776898,0.061514772410200425,-0.9013111881147311,0.8528005016162996,0.809060120360063,0.20689738369214028,-0.6356290182424607,0.9623130392764078,0.8051801919981605,-0.3447477738915976,-0.8175145494656788,-0.7342406719508463,-0.9165285681985926,0.9605360271103225,-0.14182627580768958,0.15785766687059877,-0.6202518953548974,-0.4087444192696663,-0.7936460217432817,0.784991341335709,-0.2672994936376032,0.6065636471303313,-0.1729575000916035,-0.4577236685746915,-0.7033703343510624,-0.725332521124932,-0.12021643665244697,0.021274424421361515,-0.12416572489478561,-0.36741344402189435,0.15352249258899253,-0.028457500268035618,-0.05568733539464166,-0.49450368259047206,0.9430104320418659
cherry,-0.2621428121408904,0.06294749665568133,-0.2717853813822799,0.1446982403825019,-0.3011427136078564,-0.5771394250952664,-0.32232771457723985,-0.7927809086807822,0.6751374075199593,-0.8000694465841718,0.23893932359139303,0.32645399916437423,0.06622613010135603,0.16251470577444582,-0.1577492805541676,-0.4161856080210595,-0.47075796287919314,-0.44304744376047167,-0.6089134578532247,1.0,-0.2264284582858045,0.2551633313635814,0.26960990293349085,0.2207488453777059,-0.3369127306496187,-0.0434100035708993,-0.13140044702721831,0.3330136929133646,0.6631122232686665,-0.48985569346063995,-0.49458377706638723,0.4106180144032491,0.2899000781893588,-0.691476113742822,0.18182658987967337,-0.5183949794704112,0.32050167518237194,-0.35384496192113124,-0.6222149758119633,0.7631419064185309,0.1831315933814348,0.059988363816529056,-0.2352124620359155,-0.2799885007698455,0.09576552886392686,-0.1349417524810408,-0.22366911517035226,0.27427648467457655,-0.531359715641567,-0.18209748475755227,-0.2233972089932743,-0.5218844937681242,-0.21820777227691512,-0.08265901904683592,-0.7377327959589053,0.15069901869276237,0.4910044487691472,0.13116986486062787,-0.3099046620826149,-0.3864100855103678,-0.40372264135467706,-0.6051257559165577,0.2956939397171101,-0.10957719096461238,-0.20146977626140083,0.5306934016215203,-0.7560579927131659,-0.5063155606392269,-0.3652896258428404,0.19616071039838134,-0.5538653741177755,-0.36999012734922987,-0.07399013557531875,0.3383423626248012,0.7812580906670324,0.5224257915659798,-0.5016131368100871,0.13019919715111394,0.06628033349124496,0.6239486649126806,0.3200935890668908,0.2478329849791352,-0.7313925593057939,0.05980783021506331,-0.3950011652009082,-0.030353252028080924,0.05111679265589064,0.2967535617698469,0.7849458664203499,0.19651109496351782,-0.3127474611865346,0.06098579745691557,-0.3668084267807592,0.20011558572660026,-0.376629597722681,0.3433619081796213,0.7028189377762191,-0.6756701410417159
